1111111111111111111
1111111111111111111
1111111111111111111
1110000000000000111
1110000000000000111
1110000000000000111
1110000000000000111
1110000000300000111
1110000000000000111
1110000000000000111
1110000000000200111
1110000000000000111
1110000000000000111
1110000000000000111
1110000000000000111
1110000000000000111
1111111411151111111
1111111111111111111
1111111111111111111

1111111111111111111
1111111111111111111
1111000000000001111
1111000000000001111
1111000000000001111
1111000000000001111
1111000000000004111
1111000000000001111
1115000000000001111
1111000000000001111
1111000000000001111
1111000000000001111
1111000000000001111
1111000200000001111
1111000000000001111
1111000000000001111
1111000000000001111
1111111111111111111
1111111111111111111

1111111111111111111
1111111111111111111
1111111111111111111
1110000000000000111
1110000000000200111
1140000000000000111
1110000000000000111
1110000000000000111
1110000000000000111
1110000000000000111
1110000000000000111
1110000000000000111
1110000000000000111
1110000000000000111
1110030000000000111
1110000000000000111
1111115111111111111
1111111111111111111
1111111111111111111