1111111111111111111
1111111111111111111
1111111111111111111
1111110000000111111
1111110000000111111
1111110000000411111
1111110000000111111
1111110000000111111
1111110000000111111
1111110000000111111
1111110000000111111
1111110000000111111
1111110002000111111
1111110000000111111
1111110000000111111
1111110000000111111
1111111115111111111
1111111111111111111
1111111111111111111

1111111111111111111
1111111111111111111
1111111111111111111
1111111111111111111
1111114111111111111
1111000000000001111
1111000000000001111
1111000000000001111
1111000000000001111
1111000000000021111
1111000000000001111
1111000000000001111
1111000000000001111
1111000000000001111
1111111111111511111
1111111111111111111
1111111111111111111
1111111111111111111
1111111111111111111

1111111111111111111
1111111111111111111
1111111111111111111
1111111111111111111
1111100000003011111
1111100000000011111
1111100000000011111
1111100000000011111
1111100000000011111
1111100000000011111
1111100000000011111
1111100000000011111
1111100000000011111
1111500000000211111
1111100000000011111
1111141111111111111
1111111111111111111
1111111111111111111
1111111111111111111

1111111111111111111
1111111111111111111
1111111111111111111
1111111111111111111
1111111411111111111
1110000000000000111
1110000000000000111
1110000000000000111
1110000000000000111
1110000000200000111
1110000000000000111
1110000000000000111
1110000000000000111
1110000000000000111
1111115111111111111
1111111111111111111
1111111111111111111
1111111111111111111
1111111111111111111

1111111111111111111
1111111111111111111
1111111111111111111
1111111111111111111
1111115114111111111
1111110000000111111
1111110000000111111
1111110000020111111
1111110000000111111
1111110000000111111
1111110000000111111
1111110000000111111
1111110000000111111
1111110000000111111
1111111111111111111
1111111111111111111
1111111111111111111
1111111111111111111
1111111111111111111