1111111111111111111
1111111111151111111
1110000000000000111
1110000000000000111
1110000000000000111
1110000000000000111
1110000000000000111
1110000000000000111
1110000000000000111
1110000000000000111
1110002000000000111
1110000000000000111
1110000000000000111
1110000000000000111
1110000000000000111
1110000000000000111
1110000000000000111
1111141111111111111
1111111111111111111

1111111111111111111
1111111111111111111
1111111111111111111
1111111111111111111
1111111111111111111
1111110000000111111
1111110000000111111
1111110000000111111
1111110200000111111
1111110000000411111
1111110000000111111
1111110000000111111
1111110000000111111
1111110000000511111
1111111111111111111
1111111111111111111
1111111111111111111
1111111111111111111
1111111111111111111