1111111111111111111
1111111111111111111
1115111111111111111
1110000000000000111
1110000000000000111
1110000000000000111
1110000000000000111
1110020000000000111
1110000000000000111
1110000000000000111
1110000000000000111
1110000000000000111
1110000000000000111
1110000000000000111
1110000000000000111
1110000000000000111
1111111111411111111
1111111111111111111
1111111111111111111

1111111111111111111
1111111111111111111
1111111141111111111
1100000000000000011
1100000000000000011
1100000000000000011
1100000000000000011
1100000000000000011
1100000000000000011
1100000000000000011
1100000000000000011
1100000000000000011
1100000000000000011
1100000000000000011
1100000020000000011
1100000000000000011
1111511111111111111
1111111111111111111
1111111111111111111