1111111111111111111
1111111111111111111
1111411111111111111
1100000000000000011
1100000000000000011
1100000000000000011
1100000000020000011
1100000000000000011
1100000000000000011
1100000000000000011
1100000000000000011
1100000000000000011
1100300000000000011
1100000000000000051
1100000000000000011
1100000000000000011
1111111111111111111
1111111111111111111
1111111111111111111

1111111111111111111
1111111111111111111
1111111111111111111
1111114111111111111
1111100000000011111
1111100000000011111
1111100000000011111
1111100000000011111
1111100200000051111
1111100000000011111
1111100000000011111
1111100000000011111
1111100003000011111
1111100000000011111
1111100000000011111
1111111111111111111
1111111111111111111
1111111111111111111
1111111111111111111

1111111111111111111
1111111111111111111
1111111111111111111
1111111111111111111
1111111111111111111
1100000000000000041
1100000000000000011
1100000000200000011
1100000000000000011
1100000000030000011
1100000000000000011
1100000000000000011
1100000000000000011
1100000000000000011
1111111111111111511
1111111111111111111
1111111111111111111
1111111111111111111
1111111111111111111