1111111111111111111
1111111111111111111
1111111111111111111
1111111111111111111
1111111111111111111
1111111151111111111
1110000000000000111
1110000000000000111
1110000000000000111
1110000000000000111
1110000000000000411
1110000000000002111
1110000000000000111
1111111111111111111
1111111111111111111
1111111111111111111
1111111111111111111
1111111111111111111
1111111111111111111

1111111111111111111
1111111111111111111
1111111111111111111
1111111111111111111
1111111111111111111
1111111111111114111
1100000000000000011
1100000000000000011
1100000000000000011
1100000000000000011
1100000000000000011
1100000200000000011
1100000000000000011
1111111511111111111
1111111111111111111
1111111111111111111
1111111111111111111
1111111111111111111
1111111111111111111

1111111111111111111
1111111111111111111
1111111111111111111
1111111111111111111
1111111111111111111
1111111141111111111
1110000000000000111
1110000000000000111
1110000000000000111
1110000000000000111
1110000000000000111
1150000200000000111
1110000000000000111
1111111111111111111
1111111111111111111
1111111111111111111
1111111111111111111
1111111111111111111
1111111111111111111