1111111111111111111
1111111111111111111
1111111111111111111
1111111111111111111
1111111141111111111
1111110000200111111
1111110000030111111
1111110000000111111
1111110000000111111
1111110000000111111
1111150000000111111
1111110000000111111
1111110000000111111
1111110000000111111
1111111111111111111
1111111111111111111
1111111111111111111
1111111111111111111
1111111111111111111

1111111111111111111
1111111111111111111
1111111111111111111
1111111115111411111
1111000000000001111
1111000000000001111
1111000000000001111
1111000000000001111
1111000000000001111
1111000000200001111
1111000000000001111
1111000000000001111
1111000000000001111
1111000000000001111
1111000000000001111
1111111111111111111
1111111111111111111
1111111111111111111
1111111111111111111

1111111111111111111
1111111111111111111
1111111111111111111
1111111111111111111
1111111111111111111
1111000000000001111
1111000000000001111
1111000000000001111
1111020000000001111
1111000000000005111
1111000000000001111
1111000000000001111
1111000000000001111
1111000000000001111
1111111111411111111
1111111111111111111
1111111111111111111
1111111111111111111
1111111111111111111

1111111111111111111
1111111111111111111
1111111111111111111
1111111111111111111
1111111111111111111
1111110000000111111
1111150000000111111
1111110000000111111
1111110000000111111
1111110000000411111
1111110020000111111
1111110000000111111
1111110000000111111
1111110000000111111
1111111111111111111
1111111111111111111
1111111111111111111
1111111111111111111
1111111111111111111

1111111111111111111
1111111111111111111
1111111111111111111
1110000000000000111
1110000000000000111
1150000302000000111
1110000000000000111
1110000000000000111
1110000000000000111
1110000000000000111
1110000000000000111
1110000000000000111
1110000000000000111
1110000000000000111
1110000000000000111
1110000000000000111
1111111111111141111
1111111111111111111
1111111111111111111