1111111111111111111
1111111151111111111
1111100000000011111
1111100000000011111
1111100000000011111
1111400000000011111
1111100000000011111
1111100000000011111
1111100000000011111
1111100000000011111
1111100000000011111
1111100000000011111
1111100000000011111
1111100000000011111
1111100200000011111
1111100000000011111
1111100000000011111
1111111111111111111
1111111111111111111

1111111111111111111
1111151111111111111
1111000000000201111
1111000000000001111
1111000000000001111
1111000000000001111
1111000000000001111
1111000000000001111
1111000000000001111
1111000000000001111
1111000000000001111
1111000000000001111
1111000000000001111
1111000000000004111
1111000000000001111
1111000000000001111
1111000000000001111
1111111111111111111
1111111111111111111