1111111111111111111
1111111111111111111
1111111115111111111
1111100000000011111
1111100000000041111
1111100000000011111
1111100000000011111
1111100000000011111
1111120000000011111
1111100000000011111
1111100000000011111
1111100000000011111
1111100000000011111
1111100000000011111
1111100000000011111
1111100000000011111
1111111111111111111
1111111111111111111
1111111111111111111

1111111111111111111
1111111111111111111
1111111111111111111
1111111111111111111
1111111111111111111
1111111111111111111
1100000000000000011
1100000000000200011
1100000000000000011
1100000000000000011
1100000000000000011
1100000000000000011
1100000000000000011
1114151111111111111
1111111111111111111
1111111111111111111
1111111111111111111
1111111111111111111
1111111111111111111

1111111111111111111
1111111111111411111
1100000000000000011
1100000000000000011
1100000000000000011
1100000000000000011
1100000000000000011
1500000000000000011
1100000000000000011
1100000000000000011
1100003000000000011
1100000000000000011
1100000000000000011
1100000000000200011
1100000000000000011
1100000000000000011
1100000000000000011
1111111111111111111
1111111111111111111