1111111111111111111
1111111111111111111
1111111111111111111
1111111111111111111
1111100000000011111
1111100000000011111
1111100000000011111
1111100000000011111
1111100000000011111
1111100000000041111
1111100000000011111
1111100000020011111
1111100000000011111
1111100000000011111
1111100000000011111
1111111115111111111
1111111111111111111
1111111111111111111
1111111111111111111

1111111111111111111
1111111111111111111
1111141111111111111
1111100000000011111
1111100000000011111
1111100000000011111
1111100000000011111
1111100000000011111
1111100000000011111
1111100000000011111
1111100000000011111
1111100000000011111
1111100200000011111
1111100000000011111
1111100000000051111
1111100000000011111
1111111111111111111
1111111111111111111
1111111111111111111

1111111111111111111
1111111111111111111
1111111111111111111
1111111111111111111
1111111511111111111
1111100000000011111
1111100000000011111
1111100000000011111
1111100000002011111
1111100000000011111
1111100000000011111
1111100000000011111
1111100000000011111
1111100000000041111
1111111111111111111
1111111111111111111
1111111111111111111
1111111111111111111
1111111111111111111

1111111111111111111
1111111111111111111
1111111111111111111
1111111111141111111
1111100000000011111
1111100000000011111
1111100000000011111
1111100000000011111
1111500000000011111
1111100000000011111
1111100000000011111
1111100000000011111
1111100000000011111
1111120000000011111
1111100000000011111
1111111111111111111
1111111111111111111
1111111111111111111
1111111111111111111