1111111111111111111
1111111111111111111
1111111111111111111
1111110000000111111
1111110000000111111
1111110000000111111
1111110000000111111
1111110000000111111
1111110000000111111
1111110000000111111
1111110000020511111
1111140000000111111
1111110000000111111
1111110000000111111
1111110000000111111
1111110000000111111
1111111111111111111
1111111111111111111
1111111111111111111

1111111111111111111
1111111111111111111
1111111111111111111
1111111111511111111
1110000000000000111
1110000000000000111
1110000000000000111
1110000000000000111
1110000000300000111
1110000000000000111
1140000000000000111
1110000000000000111
1110000000000200111
1110000000000000111
1110000000000000111
1111111111111111111
1111111111111111111
1111111111111111111
1111111111111111111

1111111111111111111
1111111111111111111
1111111111111111111
1111111111111111111
1111000200000001111
1111000000000001111
1115000000000001111
1111000000000001111
1111000000000001111
1111000000000001111
1111000000000001111
1111000000000001111
1111000000000001111
1111000000000001111
1111000000000001111
1111111111114111111
1111111111111111111
1111111111111111111
1111111111111111111

1111111111111111111
1111111111111111111
1111111111111111111
1111111111111111111
1111111111111111111
1111100000000011111
1111100000000011111
1111100000000011111
1111100000000011111
1111100000000011111
1111120000000011111
1111400000000011111
1111103000000011111
1111100000000011111
1111115111111111111
1111111111111111111
1111111111111111111
1111111111111111111
1111111111111111111