1111111111111111111
1111111111111111111
1111111111111111111
1111111111111111111
1111111111111111111
1111111111111111111
1111140000000111111
1111110002000111111
1111110000000111111
1111110000000111111
1111110000000111111
1111113000000111111
1111110000000111111
1111111511111111111
1111111111111111111
1111111111111111111
1111111111111111111
1111111111111111111
1111111111111111111

1111111111111111111
1111111111111111111
1111111111111111111
1111111111111111111
1111111111111111111
1111111411111111111
1111110000000111111
1111110002000111111
1111110000000111111
1111150000000111111
1111110000000111111
1111110000000111111
1111110000000111111
1111111111111111111
1111111111111111111
1111111111111111111
1111111111111111111
1111111111111111111
1111111111111111111

1111111111111111111
1111111111111111111
1111111111111111111
1111111111111111111
1111111111111111111
1111111115111111111
1100000000000003011
1100000000000000011
1100000000000020011
1100000000000000011
1100000000000000011
1100000000000000011
1100000000000000041
1111111111111111111
1111111111111111111
1111111111111111111
1111111111111111111
1111111111111111111
1111111111111111111

1111111111111111111
1111111111111111111
1111111111111111111
1111111111111111111
1110000000000000111
1110000000000000111
1110000000002000111
1110000000000000111
1110000000000000111
1110000000000000111
1110000000000000111
1150000000000000111
1110000000000000111
1110000000000000111
1110000000000000111
1111111411111111111
1111111111111111111
1111111111111111111
1111111111111111111