1111111111111111111
1111111111511111111
1111110000000111111
1111110000000111111
1111110000000111111
1111110000000111111
1111110000000111111
1111110000000111111
1111110000000111111
1111110003000111111
1111110000000111111
1111110000000111111
1111110000000111111
1111110000000111111
1111110000000111111
1111110000000411111
1111110000002111111
1111111111111111111
1111111111111111111

1111111111111111111
1111111111111111111
1111111111111111111
1111100000000011111
1111100000000011111
1111100000000011111
1111100000000011111
1111100000000011111
1111100000000011111
1111100000000051111
1111100000000011111
1111100000000011111
1111100000200011111
1111100000000011111
1111100000000011111
1111100000000011111
1111111111111411111
1111111111111111111
1111111111111111111

1111111111111111111
1111111111111111111
1111111111111111111
1111000000000001111
1111000000000005111
1111000000000001111
1111000000000001111
1111000000000001111
1111000000000001111
1111000000000001111
1111000000000001111
1111000000000001111
1111000030000001111
1111000020000001111
1111000000000001111
1111000000000001111
1111111411111111111
1111111111111111111
1111111111111111111