1111111111111111111
1111111111111111111
1110000000000000111
1110000000000000111
1110000000000000111
1110000000000000111
1110000000000000111
1110000000000000111
1112000000000000111
1110000000000000111
1110000000000000111
1110000000000000111
1110000000000000111
1110000000000000111
1110000000000000511
1110000000000000111
1140000000000000111
1111111111111111111
1111111111111111111

1111111111111111111
1111111115111111111
1100000000000000011
1100000000000000011
1100000000000000011
1100000000000000011
1100000000000000011
1100000000000000011
1100002000000000011
1400000000000000011
1100000000000000011
1100000000000000011
1100000000000000011
1100000000000000011
1100000000000000011
1100000000000000011
1100000000000000011
1111111111111111111
1111111111111111111

1111111111111111111
1111111111111111111
1110000000000000111
1110000000000000111
1110000000000000111
1110000000000000111
1110000000000000111
1110000000000000411
1110000300000000111
1110000000000000111
1110000000000000111
1110000000000000111
1110000000000002111
1110000000000000111
1110000000000000111
1110000000000000111
1110000000000000111
1111111111511111111
1111111111111111111

1111111111111111111
1111111111111111111
1111111111111111111
1111111111111111111
1111111151111111111
1111110000000111111
1111110000000111111
1111110000000111111
1111110000000111111
1111110000000111111
1111140000000111111
1111110000000111111
1111110000000111111
1111110000200111111
1111111111111111111
1111111111111111111
1111111111111111111
1111111111111111111
1111111111111111111

1111111111111111111
1111111111111111111
1111111111111111111
1111111111111111111
1111111111111111111
1100000000000000011
1100000000000000011
1100000000000000011
1100003000000200011
1100000000000000011
1100000000000000011
1100000000000000011
1400000000000000051
1100000000000000011
1111111111111111111
1111111111111111111
1111111111111111111
1111111111111111111
1111111111111111111