1111111111111111111
1111111111111111111
1111111111111111111
1111111111111111111
1111111111111111111
1114111111511111111
1110000000000000111
1110000000000000111
1110030000000000111
1110000000000000111
1110000000000000111
1110000000000000111
1110000002000000111
1111111111111111111
1111111111111111111
1111111111111111111
1111111111111111111
1111111111111111111
1111111111111111111

1111111111111111111
1111111111111111111
1111110000000111111
1111110000000111111
1111110000000111111
1111110000000111111
1111110000000111111
1111110000000111111
1111110000000111111
1111110000000111111
1111110000200111111
1111110000000111111
1111110000000511111
1111110000000111111
1111110000000111111
1111110000000111111
1111110000000111111
1111111114111111111
1111111111111111111

1111111111111111111
1111111111111111111
1111111111111111111
1111111111111111111
1111111111111111111
1100000000000000011
1100000002000000011
1100000000000000041
1100000000000000011
1100000000000000011
1100000000000030011
1100000000000000011
1100000000000000011
1100000000000000011
1111111111115111111
1111111111111111111
1111111111111111111
1111111111111111111
1111111111111111111