1111111111111111111
1111111111111111111
1111400000000011111
1111100002000011111
1111100000000011111
1111100000000011111
1111100000000051111
1111100000000011111
1111100000000011111
1111100000000011111
1111100000000011111
1111100000000011111
1111100000000011111
1111100000000011111
1111100000000011111
1111100000000011111
1111100000000011111
1111111111111111111
1111111111111111111

1111111111111111111
1111111111111111111
1111000000000001111
1111000000000001111
1111000000000001111
1111000000000001111
1111000000000001111
1111000000000001111
1111000000000001111
1111000000000201111
1111000000000001111
1111000000000001111
1111300000000001111
1111000000000001111
1111000000000001111
1111000000000001111
1111000000000001111
1111111111141151111
1111111111111111111

1111111111111111111
1111111111111111111
1111111111111111111
1111111111111111111
1111111111111111111
1100000000000000011
1100000000000000011
1100000000000000011
1100000000000000011
1100000000000000011
1100000000000000011
1100000000000000011
1100000000000000011
1100000000020000011
1111111111141511111
1111111111111111111
1111111111111111111
1111111111111111111
1111111111111111111