1111111111111111111
1111111151111111111
1111110000000111111
1111110000000111111
1111110000000111111
1111110000000111111
1111110000000111111
1111110000000111111
1111140000000111111
1111110000000111111
1111110000000111111
1111110000000111111
1111110000000111111
1111110000020111111
1111110000000111111
1111110000000111111
1111110000000111111
1111111111111111111
1111111111111111111

1111111111111111111
1111111111111111111
1111111111111111111
1111111111111111111
1111111111111111111
1111111111111111111
1110000000000000111
1110000000000000111
1110000000000000111
1110000000000000111
1150000000000000111
1110000000002000111
1110000000000000111
1111111114111111111
1111111111111111111
1111111111111111111
1111111111111111111
1111111111111111111
1111111111111111111

1111111111111111111
1111111111111111111
1111111111111111111
1111111111111111111
1111111111111111111
1111500000000041111
1111100000000011111
1111100000000011111
1111100020000011111
1111100000000011111
1111100000000011111
1111100000000011111
1111100000000011111
1111100030000011111
1111111111111111111
1111111111111111111
1111111111111111111
1111111111111111111
1111111111111111111