1111111111111111111
1111111111111111111
1111110000000111111
1111110000000111111
1111110000000111111
1111110000002111111
1111110000000111111
1111110000000111111
1111110000000111111
1111110000000111111
1111110000000111111
1111110000000111111
1111110000000111111
1111110000000111111
1111110000000111111
1111140000000111111
1111110000000111111
1111111111511111111
1111111111111111111

1111111111111111111
1111111111111111111
1111111111111111111
1111111111111111111
1111111111111111111
1111110000020511111
1111110000000411111
1111110000000111111
1111110000000111111
1111110000000111111
1111110000000111111
1111110000000111111
1111110000000111111
1111110300000111111
1111111111111111111
1111111111111111111
1111111111111111111
1111111111111111111
1111111111111111111