1111111111111111111
1111111111111111111
1111111111111111111
1111000000000001111
1111000000000001111
1111000000000001111
1111000000000001111
1111000000000004111
1111000000000001111
1111000000000001111
1111000020000001111
1111000000000001111
1111000000000001111
1111000000000005111
1111000000000001111
1111000000000001111
1111111111111111111
1111111111111111111
1111111111111111111

1111111111111111111
1111111111111111111
1111111111111111111
1100000000000000011
1100000000000000011
1100000000000000011
1100000000000000011
1100000000000000011
1100020000000000011
1100000000000000011
1100000000000000011
1100000000000000011
1100000000000000011
1100000000000000011
1100000000000000011
1400000000000000011
1111111111115111111
1111111111111111111
1111111111111111111

1111111111111111111
1111111111111111111
1111111114115111111
1111100000000011111
1111100000000011111
1111100000000011111
1111100000000011111
1111100000000011111
1111100000000011111
1111100000000011111
1111100000000011111
1111100000000011111
1111100200000011111
1111100000000011111
1111100000000011111
1111100000000011111
1111111111111111111
1111111111111111111
1111111111111111111

1111111111111111111
1111111111111111111
1111111111111111111
1111111111111111111
1111111111111111111
1111111111111111111
1111100000000011111
1111100000000011111
1111100000000011111
1111100000000011111
1111100000000211111
1111100000000041111
1111100000000011111
1111111111511111111
1111111111111111111
1111111111111111111
1111111111111111111
1111111111111111111
1111111111111111111