1111111111111111111
1111111111111111111
1111111141111111111
1110000000000000111
1110000000200000111
1113000000000000111
1110000000000000111
1110000000000000111
1110000000000000111
1110000000000000111
1110000000000000111
1110000000000000111
1110000000000000111
1110000000000000111
1110000000000000111
1110000000000000111
1111111111151111111
1111111111111111111
1111111111111111111

1111111111111111111
1111111111111111111
1111111111111111111
1111111111111111111
1111110000000111111
1111110000000111111
1111110020000111111
1111110000000111111
1111110000000111111
1111110000000511111
1111140000000111111
1111110000000111111
1111110000000111111
1111110000000111111
1111110000000111111
1111111111111111111
1111111111111111111
1111111111111111111
1111111111111111111

1111111111111111111
1111111111111111111
1111111111111111111
1100000000000000011
1100000000000000011
1100000000000000011
1100000000000000011
1100000300000000011
1100000000000000011
1400000000000000011
1100000000000000011
1100000000000000011
1100000200000000011
1100000000000000011
1100000000000000011
1100000000000000011
1111111111111511111
1111111111111111111
1111111111111111111

1111111111111111111
1111111111111111111
1111111111111111111
1111111111111111111
1100000000000000011
1100000000000000011
1100000000000000011
1100000000000000011
1100000000000000011
1100000000000003011
1100000000000000011
1100000000000200011
1100000000000000011
1100000000000000011
1100000000000000011
1111111111111411511
1111111111111111111
1111111111111111111
1111111111111111111