1111111111111111111
1111111111111111111
1111111111111111111
1100000000000000011
1100000000000000011
1100000000002000011
1100000000000000011
1100000000000000011
1100000000000000011
1100000000000000011
1100000000000000011
1100000000000000011
1100000000000000011
1100000000000000011
1100000000000000011
1100000000000000011
1111111111511141111
1111111111111111111
1111111111111111111

1111111111111111111
1111111111111111111
1111111111111111111
1111100000000011111
1111100000000011111
1111100000000011111
1111100000000041111
1111100000000011111
1111100000000051111
1111100000000011111
1111100000000011111
1111100020000011111
1111100000000011111
1111100000000011111
1111100000000011111
1111100000000011111
1111111111111111111
1111111111111111111
1111111111111111111

1111111111111111111
1111111111111111111
1111111111111111111
1111111111115111111
1111100000020011111
1111100000000011111
1111100000000011111
1111100000000011111
1111100000000011111
1111100000000041111
1111100000000011111
1111100000000011111
1111100000000011111
1111100000000011111
1111100000000011111
1111111111111111111
1111111111111111111
1111111111111111111
1111111111111111111

1111111111111111111
1111111111111111111
1111111111111111111
1111111111111111111
1111111111111411111
1111100000000011111
1111100000000011111
1111100000000011111
1111102000000011111
1111100000000011111
1111100000000011111
1111100000000011111
1111100000000011111
1111100000000011111
1111111111115111111
1111111111111111111
1111111111111111111
1111111111111111111
1111111111111111111

1111111111111111111
1111111111111111111
1111111111111111111
1111111111111111111
1111111111511111111
1111100000000011111
1111100000000011111
1111100000000011111
1111100000000041111
1111100000000011111
1111100000000011111
1111100000000011111
1111100000000011111
1111100000020011111
1111111111111111111
1111111111111111111
1111111111111111111
1111111111111111111
1111111111111111111