1111111111111111111
1111411111111111111
1111000000000001111
1111000000000001111
1111000000000001111
1111000000000001111
1111000000000001111
1111000000000001111
1111000000000001111
1115000000000001111
1111000000000001111
1111000000000001111
1111000000000001111
1111000000000001111
1111000000000001111
1111000200000001111
1111000000000001111
1111111111111111111
1111111111111111111

1111111111111111111
1111111111111111111
1111111111111111111
1111111111111111111
1111111111111111111
1111111411111111111
1111110000000111111
1111110000200111111
1111110000000511111
1111110000000111111
1111110000000111111
1111110000000111111
1111110000000111111
1111111111111111111
1111111111111111111
1111111111111111111
1111111111111111111
1111111111111111111
1111111111111111111

1111111111111111111
1111111111111111111
1111111111111111111
1111111111111111111
1111100000000011111
1111100000000011111
1111100000003011111
1111500000000011111
1111100000000011111
1111100020000011111
1111100000000011111
1111400000000011111
1111100000000011111
1111100000000011111
1111100000000011111
1111111111111111111
1111111111111111111
1111111111111111111
1111111111111111111

1111111111111111111
1111111111111111111
1111111111111111111
1111111151111111111
1111100000000011111
1111100000000011111
1111100000000011111
1111100000002011111
1111100000000011111
1111100000000011111
1111100000000041111
1111100300000011111
1111100000000011111
1111100000000011111
1111100000000011111
1111111111111111111
1111111111111111111
1111111111111111111
1111111111111111111

1111111111111111111
1111111111111111111
1111111111111111111
1111111111111111111
1111141111111111111
1111100000000011111
1111100000000011111
1111100000000011111
1111100000000011111
1111100000200011111
1111100000000011111
1111100000000011111
1111100000000011111
1111100000000011111
1111111111151111111
1111111111111111111
1111111111111111111
1111111111111111111
1111111111111111111