1111111111111111111
1111111111111111111
1111111111111111111
1111111111111111111
1111111111111111111
1111114111111111111
1111110000000111111
1111110000000111111
1111110000000111111
1111110000000111111
1111110000000111111
1111110200000111111
1111110000000111111
1111111111511111111
1111111111111111111
1111111111111111111
1111111111111111111
1111111111111111111
1111111111111111111

1111111111111111111
1111111111111111111
1111111111111115111
1100000000000000011
1100000000000000011
1100000000000000011
1100000000000000011
1100000000000000041
1100000000000000011
1100000000000000011
1100000020000000011
1100000000000000011
1100000000000000011
1100000000000000011
1100000000030000011
1100000000000000011
1111111111111111111
1111111111111111111
1111111111111111111

1111111111111111111
1111111111111111111
1111111111111111111
1111111111111111111
1111111111111111511
1100000000000000011
1100000000000000011
1120000000000000011
1100000000000000011
1400000000000000011
1100000000000000011
1100000000000000011
1100000000000000011
1100000000000000011
1111111111111111111
1111111111111111111
1111111111111111111
1111111111111111111
1111111111111111111

1111111111111111111
1111111111111111111
1110000030000000111
1110000000000000111
1110000000000000111
1110000000000000111
1110000000000000111
1110000000000000111
1140000000000000111
1110000000000000111
1150000000000000111
1110000000000000111
1110000000000000111
1110000000000000111
1110000000000000111
1110000000020000111
1110000000000000111
1111111111111111111
1111111111111111111

1111111111111111111
1111111111111511111
1100000000000000011
1100000000000000011
1100000000000000011
1100000000000000011
1100000000000000011
1100000000000000011
1100000000000000011
1100000000000020011
1100000000000000011
1400000000000000011
1100000000000000011
1100000000000000011
1100000000000000011
1100000000000000011
1100000000000000011
1111111111111111111
1111111111111111111