1111111111111111111
1111111111111111111
1111111111111111111
1111111111111111111
1111111111111111111
1111111111151111111
1111000000000001111
1114000000000001111
1111000020000001111
1111000000000001111
1111000000000001111
1111000000000001111
1111000000000001111
1111111111111111111
1111111111111111111
1111111111111111111
1111111111111111111
1111111111111111111
1111111111111111111

1111111111111111111
1111111111111111111
1100000000000000011
1100000000000000011
1500000020000000011
1100000000000000011
1100000000000000011
1100000000000000011
1100000000000000011
1100000000000000011
1100000000000000011
1100000000000000011
1100000000000000011
1100000000000000011
1100000000000000011
1100000000000000011
1100000000000000011
1111141111111111111
1111111111111111111

1111111111111111111
1111111111111111111
1111111111111111111
1111111111115111111
1100000000000200011
1100000000000000011
1100000000000000011
1100000000000000011
1100000000000000011
1100000000000000011
1100000000000000011
1100000000000000011
1100000000000000011
1100000000000000011
1100000000000000011
1114111111111111111
1111111111111111111
1111111111111111111
1111111111111111111

1111111111111111111
1111111111111111111
1502000000000000011
1100000000000000011
1100000000000000011
1100000000000000011
1100000000000000011
1100000000000000011
1100000000000000011
1100000000000000011
1100000000000000011
1100000000000000011
1100000300000000011
1100000000000000011
1100000000000000011
1100000000000000011
1100000000000000011
1111111111111141111
1111111111111111111

1111111111111111111
1111111111111111111
1111100000000011111
1111100000000011111
1111100200000011111
1111100000000011111
1111100000000011111
1111100000000011111
1111100000000011111
1111100000000011111
1111100000000011111
1111100000000051111
1111100000000011111
1111100000000011111
1111100000000011111
1111100000000011111
1111400000000011111
1111111111111111111
1111111111111111111