1111111111111111111
1111411111111151111
1111000000000001111
1111000000000001111
1111000000000001111
1111000000000001111
1111000000000001111
1111000000000001111
1111000000000001111
1111020000000001111
1111000000000001111
1111000000000001111
1111000000000001111
1111000000000001111
1111000000000001111
1111000000000001111
1111000000000001111
1111111111111111111
1111111111111111111

1111111111111111111
1111411111111111111
1100000000000000011
1100000000000000011
1100000000000000011
1100000000000000011
1100000000000000011
1100000000000000011
1100000000000000011
1100000000000000011
1100000000000000051
1100000000000000011
1100000020000000011
1100000000000000011
1100000000000000011
1100000000000000011
1100000000000000011
1111111111111111111
1111111111111111111

1111111111111111111
1111111111111111111
1100000000000000011
1100000000000000011
1100000000000000011
1100000000000000011
1100000000000000011
1100000000000000011
1400000000000000011
1100000000000002011
1100000000000000011
1100000000000000011
1100000000000000011
1100000000000000011
1500000000000000011
1100000000000000011
1100000000000000011
1111111111111111111
1111111111111111111

1111111111111111111
1111111111111111111
1111111111111111111
1111111111111111111
1111111111111151111
1110000000000000111
1110000000000000111
1110000000000000111
1110000000000002111
1110000000000000411
1110000000000000111
1113000000000000111
1110000000000000111
1110000000000000111
1111111111111111111
1111111111111111111
1111111111111111111
1111111111111111111
1111111111111111111