1111111111111111111
1111111111111111111
1111111111111111111
1111111111111111111
1111111111111111111
1111111115111111111
1111000030000001111
1111000000000001111
1111000000000001111
1111000000000001111
1111002000000001111
1111000000000001111
1111000000000001111
1111411111111111111
1111111111111111111
1111111111111111111
1111111111111111111
1111111111111111111
1111111111111111111

1111111111111111111
1111111111111111111
1111111111111111111
1111111111111111111
1111111111111111111
1111111111111111111
1111100000000011111
1111100000000011111
1111100000000011111
1111100000000051111
1111100000000011111
1111400000020011111
1111100000000011111
1111111111111111111
1111111111111111111
1111111111111111111
1111111111111111111
1111111111111111111
1111111111111111111