1111111111111111111
1111111111111111111
1111111111111111111
1111111111111111111
1111111111111111111
1111111111111111111
1120000000000000011
1100000000000000041
1100000000000000011
1100000000000000011
1100000000000000011
1100000000000000011
1100000000000000011
1111111111111511111
1111111111111111111
1111111111111111111
1111111111111111111
1111111111111111111
1111111111111111111

1111111111111111111
1111111111111111111
1111111111111111111
1111111111111111111
1111111111111111111
1111111111111111111
1111110000000511111
1111110000000111111
1111110002000111111
1111140000000111111
1111110000000111111
1111110000000111111
1111110000000111111
1111111111111111111
1111111111111111111
1111111111111111111
1111111111111111111
1111111111111111111
1111111111111111111

1111111111111111111
1111111111111111111
1110000000000000111
1110000000000000511
1110000000000000111
1110000000000000111
1110000000000000111
1110000000000000111
1110000000000000111
1110000000000000411
1110000000000000111
1110000000000000111
1110000000000000111
1110000000000000111
1110002000000000111
1110000000000000111
1110000000000000111
1111111111111111111
1111111111111111111

1111111111111111111
1111111111111111111
1111111111111111111
1111511111111111111
1111000000000001111
1111000000000001111
1111000000000001111
1111000000000001111
1111000000000001111
1111000000000001111
1111000000000001111
1111000000000001111
1111000000000201111
1111000000000001111
1111000000000001111
1111111141111111111
1111111111111111111
1111111111111111111
1111111111111111111

1111111111111111111
1111111111111111111
1111111111111111111
1111111111111111111
1111000000000001111
1111000000000001111
1115000000000001111
1111000000000001111
1111000000000001111
1111000000000001111
1111000000000004111
1111000000000001111
1111000000000001111
1111000000002001111
1111000000000001111
1111111111111111111
1111111111111111111
1111111111111111111
1111111111111111111