1111111111111111111
1111111111111111111
1111111111111111111
1111111111111111111
1111000000000001111
1111000000000001111
1111002000000001111
1111000000000001111
1111000000000001111
1111000000000001111
1111000000000001111
1111000000000005111
1111000000000001111
1111000000000001111
1111000000000001111
1111111111111411111
1111111111111111111
1111111111111111111
1111111111111111111

1111111111111111111
1111111114111111111
1111110000000111111
1111110000000111111
1111110000000111111
1111110000000111111
1111110000000111111
1111110000000111111
1111110000000111111
1111110000000111111
1111110000000111111
1111110000000111111
1111110000000111111
1111110000000111111
1111110000000111111
1111110000002111111
1111110000000111111
1111115111111111111
1111111111111111111

1111111111111111111
1111111111111111111
1111111111111111111
1111111111111111111
1111111111111111111
1111111111111111111
1111100000000011111
1111100000000011111
1111100000000011111
1111500000000011111
1111102000000011111
1111100000000011111
1111100000000011111
1111111114111111111
1111111111111111111
1111111111111111111
1111111111111111111
1111111111111111111
1111111111111111111