1111111111111111111
1111111111111111111
1111000000000001111
1111000000000001111
1111000300000001111
1111000000000004111
1111000000000005111
1111000000000001111
1111000000000001111
1111000000000001111
1111000000000001111
1111000000000001111
1111000020000001111
1111000000000001111
1111000000000001111
1111000000000001111
1111000000000001111
1111111111111111111
1111111111111111111

1111111111111111111
1111111111114111111
1111000000000001111
1111000000000001111
1111000000000001111
1111000000000001111
1111000000020001111
1111000000000001111
1111000000000001111
1111000000000001111
1111000000000001111
1111000000000001111
1111000000000001111
1111000000000001111
1111000000000001111
1111000000000001111
1111003000000005111
1111111111111111111
1111111111111111111

1111111111111111111
1111111111111111111
1111111111111111111
1111111111111111111
1111111111111111111
1111111111111511111
1111100000000011111
1111100000000041111
1111100000000011111
1111100000000011111
1111100003000211111
1111100000000011111
1111100000000011111
1111111111111111111
1111111111111111111
1111111111111111111
1111111111111111111
1111111111111111111
1111111111111111111