1111111111111111111
1111111111111111111
1111111111111111111
1111111111111111111
1100000000300000011
1100000000000000011
1100000000000000011
1100000000000000011
1100000000000000011
1100000000000000041
1500000000000000011
1100000000000000011
1100000000000000211
1100000000000000011
1100000000000000011
1111111111111111111
1111111111111111111
1111111111111111111
1111111111111111111

1111111111111111111
1111111111111111111
1111111111111111111
1115000000000001111
1111000000000001111
1111000000000001111
1111000000000001111
1111000000000001111
1111000000000001111
1111000000000001111
1111200000000001111
1111000000000001111
1111000000000001111
1111000000000001111
1111000000000001111
1111000000000001111
1111111111111411111
1111111111111111111
1111111111111111111

1111111111111111111
1111111111111111111
1111111111111111111
1111111111111111111
1110000000000000111
1110000000000000111
1110000000000000111
1140000000000000111
1110000000000000111
1110000000000000111
1110000000000000111
1110000000000000111
1110000000000000111
1110000000020000111
1110000000000000111
1111111151111111111
1111111111111111111
1111111111111111111
1111111111111111111

1111111111111111111
1141111111111111111
1100000000000000011
1100000000000000011
1100000000000000011
1100000000000000011
1100000000000000011
1100000000000000011
1100000000000000011
1102000000000000011
1100000000000000011
1100000000000000011
1100000000000000011
1100000000000000011
1100000000000000011
1100000000000000011
1100000000000000011
1111111151111111111
1111111111111111111