1111111111111111111
1111111111111111111
1111111111111111111
1111111111111111111
1111111111111111111
1111141111111111111
1111000000000001111
1111000000000001111
1111000000000001111
1115000000000001111
1111000000002001111
1111000000000001111
1111000000000001111
1111111111111111111
1111111111111111111
1111111111111111111
1111111111111111111
1111111111111111111
1111111111111111111

1111111111111111111
1111111111111111111
1111111111141111111
1111000000000001111
1111000000000001111
1111000000000001111
1111000000000001111
1111000000000021111
1115000000000001111
1111000000000001111
1111000000000031111
1111000000000001111
1111000000000001111
1111000000000001111
1111000000000001111
1111000000000001111
1111111111111111111
1111111111111111111
1111111111111111111