1111111111111111111
1111111111111114111
1100000000000000011
1100000000000000011
1100000000000000011
1100000000000000011
1100000000000000011
1100000000000000011
1100000000000000011
1100000000000000011
1100000000000000011
1100000000000000011
1100000000000000011
1100000002000000011
1100000000000000011
1100000000000000011
1100000000000000011
1111111111111115111
1111111111111111111

1111111111111111111
1111111111111111111
1111111111111111111
1111154111111111111
1110000000000002111
1110000000000000111
1110000000000000111
1110000000000000111
1110000000000000111
1110000000000000111
1110000000000000111
1110000000000000111
1110000000000000111
1110000000000000111
1110000000000000111
1111111111111111111
1111111111111111111
1111111111111111111
1111111111111111111