1111111111111111111
1111111111111111111
1111111111111111111
1111111111111111111
1111111111111111111
1111111111111111111
1110000000000000111
1110000000000000111
1110200000000000111
1150000000000000111
1110000000000000111
1110000000000000111
1110000000000000111
1111111111111411111
1111111111111111111
1111111111111111111
1111111111111111111
1111111111111111111
1111111111111111111

1111111111111111111
1111111111511111111
1111100000000041111
1111100000000011111
1111100000000011111
1111100000000011111
1111100000000011111
1111100000000011111
1111100000000011111
1111100000000011111
1111100000000011111
1111100000000011111
1111102000000011111
1111100000000011111
1111100000000011111
1111100000000011111
1111100000000011111
1111111111111111111
1111111111111111111

1111111111111111111
1111111111111111111
1111411111111111111
1110000000000000111
1110000000000000111
1110000000000000111
1110000000000000111
1110000000000000111
1110000000000000111
1110000000000000111
1110000000000000111
1110000000000000111
1110000000000000511
1110020000000000111
1110000000000000111
1110000000000000111
1111111111111111111
1111111111111111111
1111111111111111111

1111111111111111111
1111111111111111111
1111110000000111111
1111110000000111111
1111110000000111111
1111110000000111111
1111110000000111111
1111110000000111111
1111110000200111111
1111110000000111111
1111110000000111111
1111110000000111111
1111110000300111111
1111110000000111111
1111110000000111111
1111110000000111111
1111110000000111111
1111111151141111111
1111111111111111111