1111111111111111111
1111111111111111111
1111111111111111111
1111111111111111111
1111111111111111111
1111110000000111111
1111110200000111111
1111110000000111111
1111110000000111111
1111110000000411111
1111110000000511111
1111110000000111111
1111110000000111111
1111110000000111111
1111111111111111111
1111111111111111111
1111111111111111111
1111111111111111111
1111111111111111111

1111111111111111111
1111111111111111111
1111111111111111111
1111111111111111111
1111111111111111111
1110000000000000111
1150000000000000111
1110000000000000111
1110000030000000111
1110000000000000111
1110000000000000111
1110000000020000111
1110000000000000411
1110000000000000111
1111111111111111111
1111111111111111111
1111111111111111111
1111111111111111111
1111111111111111111

1111111111111111111
1111411111111111111
1111000000000001111
1111000000000001111
1111000000000001111
1111000000000001111
1111000000000001111
1111000000000001111
1115000000000001111
1111000000000001111
1111000000000001111
1111000000000001111
1111000000000001111
1111000000000001111
1111000200000001111
1111000000000001111
1111000000000001111
1111111111111111111
1111111111111111111

1111111111111111111
1111111411111111111
1111100000000011111
1111100000000011111
1111100000000011111
1111500000000011111
1111100000000011111
1111100200000011111
1111100000000011111
1111100000000011111
1111100000000011111
1111100000000011111
1111100000000011111
1111100000000011111
1111100000000011111
1111100000000011111
1111100000000011111
1111111111111111111
1111111111111111111