1111111111111111111
1111111111111111111
1111100000000011111
1111100000000011111
1111100000000011111
1111100000000011111
1111400000000011111
1111130000000011111
1111100000000011111
1111100000000011111
1111100000000011111
1111100000000011111
1111100000000051111
1111100000000011111
1111100000200011111
1111100000000011111
1111100000000011111
1111111111111111111
1111111111111111111

1111111111111111111
1111111111111111111
1111111111111111111
1111111111111111111
1400000000000000011
1100000000000000011
1100000000000000011
1100000000000000011
1100000000000000011
1100000000000000011
1100000000020000011
1100000000000000011
1100000000000000011
1100000000000000011
1100000000000000011
1111111111111111511
1111111111111111111
1111111111111111111
1111111111111111111

1111111111111111111
1111111111111111111
1111111111111111111
1111111111111111111
1111111111111111111
1111111111111111111
1111100000000011111
1111100000002051111
1111100000000011111
1111100000000011111
1111100000000011111
1111400000000011111
1111100000000011111
1111111111111111111
1111111111111111111
1111111111111111111
1111111111111111111
1111111111111111111
1111111111111111111