1111111111111111111
1111111111111111111
1111000000000001111
1115000000000001111
1111000000000001111
1114000000000001111
1111000000000001111
1111000000000001111
1111200000000001111
1111000000000001111
1111000000000001111
1111000000000001111
1111000000000001111
1111000000000001111
1111000000000001111
1111000000000001111
1111000000000001111
1111111111111111111
1111111111111111111

1111111111111111111
1111111111111111111
1111111111111111111
1111111111111111111
1111111111111111111
1111111111111111111
1111000000000001111
1111030000000001111
1111000000000001111
1114000000000001111
1111000000000001111
1111000000000001111
1111200000000001111
1111111151111111111
1111111111111111111
1111111111111111111
1111111111111111111
1111111111111111111
1111111111111111111

1111111111111111111
1111111111111111111
1111111111111111111
1111111111111111111
1111000000000005111
1111000000000001111
1111000000000001111
1111000000000001111
1111000000000001111
1111000000000001111
1111000000000001111
1111002000000001111
1111000000000001111
1111000000000001111
1111000000000001111
1111111111111411111
1111111111111111111
1111111111111111111
1111111111111111111