1111111111111111111
1111111111111111111
1111111111111111111
1111111111111111111
1111111111111111111
1111111111111111111
1500000000000000011
1100000000000000041
1100000000000000011
1100000000000200011
1100000000000000011
1100000000000000011
1100000000000000011
1111111111111111111
1111111111111111111
1111111111111111111
1111111111111111111
1111111111111111111
1111111111111111111

1111111111111111111
1111111111111415111
1100000003000000011
1100000000000000011
1100000000000000011
1100000000000000011
1100000000000000011
1100000000000000011
1100000000000000011
1100000000000020011
1100000000000000011
1100000000000000011
1100000000000000011
1100000000000000011
1100000000000000011
1100000000000000011
1100000000000000011
1111111111111111111
1111111111111111111

1111111111111111111
1111111111111111111
1111111111111111111
1111111111111411111
1111100000000011111
1111100000000011111
1111100000000051111
1111100000000011111
1111100000000011111
1111100300000011111
1111100000000011111
1111100000000011111
1111100000000011111
1111100000000011111
1111100002000011111
1111111111111111111
1111111111111111111
1111111111111111111
1111111111111111111

1111111111111111111
1111111111111111111
1111111111111111111
1111151111111111111
1111000000000001111
1111000000000001111
1111000300000001111
1111000000000001111
1111000000000001111
1111000000000001111
1111000000000001111
1111000000200001111
1111000000000001111
1111000000000001111
1111000000000001111
1111111111411111111
1111111111111111111
1111111111111111111
1111111111111111111