1111111111111111111
1111111111111111111
1111111111111111111
1111111111111111111
1111111111111111111
1111111111111111111
1110000000000000511
1110000200000000111
1110000000000000111
1140000000000000111
1110000000000000111
1110000000000000111
1110000300000000111
1111111111111111111
1111111111111111111
1111111111111111111
1111111111111111111
1111111111111111111
1111111111111111111

1111111111111111111
1111111111111111111
1111111111111511111
1111400000000011111
1111100000000011111
1111100000000211111
1111100000000011111
1111100000000011111
1111100000000011111
1111100000000011111
1111100000000011111
1111100000000011111
1111100000000011111
1111100000000011111
1111100000000011111
1111100000000011111
1111111111111111111
1111111111111111111
1111111111111111111

1111111111111111111
1111111111111111111
1111100000000011111
1111100000000011111
1111100000000011111
1111100000000011111
1111100000000011111
1111100000000011111
1111100000000011111
1111100000000011111
1111100000000011111
1111100000000011111
1111100000000011111
1111102000000011111
1111400000000011111
1111100000000011111
1111100000000011111
1111111511111111111
1111111111111111111

1111111111111111111
1111111111111111111
1111111111111111111
1111111111111111111
1111110000000111111
1111110000000111111
1111110000002111111
1111110000000111111
1111110000000111111
1111110000000111111
1111110000000111111
1111110000000511111
1111110000000111111
1111110000000411111
1111110000000111111
1111111111111111111
1111111111111111111
1111111111111111111
1111111111111111111