1111111111111111111
1111111111111111111
1111111111111111111
1111111111111111111
1111111111111111111
1111111115111111111
1111110000000111111
1111110000000111111
1111110000000111111
1111110000000111111
1111110300000111111
1111140020000111111
1111110000000111111
1111111111111111111
1111111111111111111
1111111111111111111
1111111111111111111
1111111111111111111
1111111111111111111

1111111111111111111
1111111111111111111
1111111111111111111
1111000000000001111
1111000000000001111
1111000000000004111
1111000000000001111
1111000000000001111
1111000000000001111
1111000000000001111
1111000020000001111
1111000000000005111
1111000000000001111
1111000000000001111
1111000000000001111
1111000000000001111
1111111111111111111
1111111111111111111
1111111111111111111