1111111111111111111
1111111111111111111
1111111111111111111
1111111111111114111
1110000000000000111
1110000000000000111
1110000000000000111
1110000000000000111
1110000000000000111
1110000000000000111
1110000000000000111
1110000000000000111
1110000000000000111
1110000000000200111
1110000000000000111
1111111511111111111
1111111111111111111
1111111111111111111
1111111111111111111

1111111111111111111
1111111111111111111
1111111111111111111
1111111111111111111
1111511111111111111
1111000000000001111
1111000000000004111
1111000000000001111
1111000000000001111
1111000000000001111
1111000000000001111
1111000000000001111
1111000000000001111
1111020000000001111
1111111111111111111
1111111111111111111
1111111111111111111
1111111111111111111
1111111111111111111

1111111111111111111
1111111111111111111
1111111111111111111
1111111111111111111
1111111111411111111
1111110000000111111
1111110000000511111
1111110000000111111
1111110000000111111
1111110200000111111
1111110000000111111
1111110000000111111
1111110000000111111
1111110000000111111
1111111111111111111
1111111111111111111
1111111111111111111
1111111111111111111
1111111111111111111

1111111111111111111
1111111111111111111
1111110000000111111
1111110000000111111
1111110000000111111
1111110000000111111
1111110000000111111
1111110000000111111
1111110000000111111
1111110000000111111
1111112000000111111
1111110000000111111
1111110003000111111
1111110000000111111
1111110000000111111
1111110000000111111
1111110000000111111
1111114111511111111
1111111111111111111