1111111111111111111
1111111111111111111
1111111111111111111
1100000000003000011
1400000000000000011
1100000000000000211
1100000000000000011
1100000000000000011
1100000000000000011
1100000000000000011
1100000000000000011
1100000000000000011
1100000000000000011
1100000000000000011
1100000000000000011
1100000000000000011
1111151111111111111
1111111111111111111
1111111111111111111

1111111111111111111
1111111111111111111
1111111111111111111
1100000000000020011
1100000000000000011
1100000000000000011
1100000000000000011
1100000000000000011
1100000000000000011
1100000000000000051
1100000000000000011
1100000000000000011
1100000000000000011
1103000000000000011
1100000000000000011
1100000000000000011
1111141111111111111
1111111111111111111
1111111111111111111

1111111111111111111
1111111111111111111
1111100200000011111
1111100000000011111
1111100000000011111
1111100000000011111
1111100000000011111
1111100000000011111
1111100000000011111
1111100000000011111
1111100000000011111
1111100000000011111
1111100000000051111
1111100000000011111
1111100000000011111
1111100000000011111
1111100000000011111
1111111111141111111
1111111111111111111

1111111111111111111
1111111111111111111
1111111111111111111
1111111111111111111
1111111111111111111
1111150000002111111
1111110000000111111
1111110000000111111
1111110000000111111
1111110000000111111
1111140000000111111
1111110000000111111
1111110000000111111
1111110000000111111
1111111111111111111
1111111111111111111
1111111111111111111
1111111111111111111
1111111111111111111

1111111111111111111
1111111111111111111
1111100000000011111
1111100000000011111
1111100000000011111
1111400000000011111
1111100000020011111
1111100000000011111
1111100000000011111
1111100000000011111
1111100000000011111
1111100000000011111
1111100000000011111
1111100000000011111
1111100000000011111
1111100000000011111
1111100000000011111
1111111111151111111
1111111111111111111