1111111111111111111
1111111111111111111
1111111111111111111
1111111111111111111
1111111111111141111
1100000000000000011
1500000000000000011
1100000000000000011
1100000000000000011
1100000000000000011
1100000000000030211
1100000000000000011
1100000000000000011
1100000000000000011
1111111111111111111
1111111111111111111
1111111111111111111
1111111111111111111
1111111111111111111

1111111111111111111
1111111111111111111
1111111111111111111
1111111411111111111
1111100000000011111
1111100000000011111
1111100000000011111
1111100000000011111
1111100000000011111
1111100000000011111
1111100000000011111
1111100000000011111
1111100000000051111
1111100002000011111
1111100000000011111
1111111111111111111
1111111111111111111
1111111111111111111
1111111111111111111

1111111111111111111
1111111111111111111
1111111111111111111
1111111111111111111
1111111111111111111
1111111111111111111
1110000000000000111
1110000000000000111
1110000000000000111
1110000000020000111
1110000000000000111
1110000000000000111
1110000000000000111
1111114111111151111
1111111111111111111
1111111111111111111
1111111111111111111
1111111111111111111
1111111111111111111

1111111111111111111
1111111111111111111
1111111111111111111
1111111111111111111
1111111111111111111
1111111141111111111
1111110000000111111
1111110000000111111
1111110000000111111
1111110000000111111
1111112000000111111
1111110000000111111
1111110000000111111
1111115111111111111
1111111111111111111
1111111111111111111
1111111111111111111
1111111111111111111
1111111111111111111