1111111111111111111
1111111111111111111
1111111111511111111
1111110000000111111
1111110000000411111
1111110000000111111
1111110000000111111
1111110000000111111
1111110000000111111
1111110000000111111
1111110000000111111
1111110020000111111
1111110000000111111
1111110003000111111
1111110000000111111
1111110000000111111
1111111111111111111
1111111111111111111
1111111111111111111

1111111111111111111
1111111111111111111
1111111111111111111
1111111111111111111
1111111111111111111
1111111111141111111
1111000000000001111
1111000000000005111
1111000200000301111
1111000000000001111
1111000000000001111
1111000000000001111
1111000000000001111
1111111111111111111
1111111111111111111
1111111111111111111
1111111111111111111
1111111111111111111
1111111111111111111

1111111111111111111
1111111111111111111
1111111111111111111
1111111511111111111
1100000000000000011
1100000000000000011
1100000000000000011
1100000000000000011
1100000000000000011
1100000000000000011
1100000000000000041
1100000000000000011
1100000000000000011
1100000000200000011
1100000000000000011
1111111111111111111
1111111111111111111
1111111111111111111
1111111111111111111