1111111111111111111
1111111111111111111
1111111111114111111
1100000000000000011
1100000000000000011
1103000000000000011
1500000000000000011
1100000000000000211
1100000000000000011
1100000000000000011
1100000000000000011
1100000000000000011
1100000000000000011
1100000000000000011
1100000000000000011
1100000000000000011
1111111111111111111
1111111111111111111
1111111111111111111

1111111111111111111
1111111111111111111
1111000000000001111
1111000000000004111
1111000000000201111
1111000000000001111
1111000000000001111
1111000000000001111
1111000000000001111
1111000000000001111
1111000000000001111
1111000000000001111
1111000000000001111
1111000000000001111
1111000000300001111
1111000000000001111
1111000000000005111
1111111111111111111
1111111111111111111

1111111111111111111
1111111111111111111
1111111111111111111
1110000000000000111
1110000000000000111
1110000200000000111
1110000000030000111
1110000000000000111
1110000000000000111
1110000000000000111
1110000000000000111
1110000000000000111
1110000000000000111
1110000000000000111
1110000000000000111
1110000000000000111
1115111141111111111
1111111111111111111
1111111111111111111

1111111111111111111
1111111111111111111
1111111111111111111
1111111111114111111
1110000000000000111
1110200000000000111
1110000000000000111
1110000000000000111
1110000000000000111
1110000000000000111
1110000000000000511
1110000000000000111
1110000000000000111
1110000000000000111
1110003000000000111
1111111111111111111
1111111111111111111
1111111111111111111
1111111111111111111