1111111111111111111
1111111111111111111
1110000000000000111
1110000000000000111
1110000000000000111
1140000000000000111
1110000000000002111
1110000000000000111
1110000000000000111
1110000000000000111
1110000000000000111
1110000000000000111
1110000000000000111
1110000000000000111
1110000000000000111
1110000000000000111
1110000000000000111
1111511111111111111
1111111111111111111

1111111111111111111
1111111111111111111
1111111111111111111
1111111111111111111
1111111111111111111
1100000000000000011
1100000000000000011
1500000000000000011
1100000000000000011
1100000000000000011
1100000000000200011
1100000000000000011
1100000000000000011
1100000000000000011
1111111111111111411
1111111111111111111
1111111111111111111
1111111111111111111
1111111111111111111

1111111111111111111
1111111111111111111
1111111111111111111
1111111111111111111
1111111111111111111
1100000000000000011
1100000000000000011
1100000000000000011
1100000000000200011
1100000000000000011
1100000000000000011
1100000000000000011
1100000000000000011
1400000000000000011
1111111111111151111
1111111111111111111
1111111111111111111
1111111111111111111
1111111111111111111

1111111111111111111
1111111111111111111
1111111111111111111
1111111111111111111
1111111111111111111
1111111111111111111
1111100000000011111
1111100000000011111
1111100300000011111
1111100000000011111
1111100000000011111
1111100000200011111
1111100000000041111
1111111115111111111
1111111111111111111
1111111111111111111
1111111111111111111
1111111111111111111
1111111111111111111