1111111111111111111
1111111141111111111
1111100000000011111
1111100000000011111
1111100000000011111
1111100000000011111
1111100000000011111
1111102000000011111
1111100000000011111
1111100000000011111
1111100000000011111
1111100000000011111
1111500000000011111
1111100000000011111
1111100000000011111
1111100000000011111
1111100000000011111
1111111111111111111
1111111111111111111

1111111111111111111
1111111111111111111
1111111111111111111
1111111111111111111
1111111111111111111
1110000030000000411
1110000000200000111
1150000000000000111
1110000000000000111
1110000000000000111
1110000000000000111
1110000000000000111
1110000000000000111
1110000000000000111
1111111111111111111
1111111111111111111
1111111111111111111
1111111111111111111
1111111111111111111

1111111111111111111
1111111111111111111
1111111111111111111
1111111111111111111
1111111111111111111
1110000000000000111
1110000000000000111
1110000002000000111
1110000300000000111
1110000000000000111
1110000000000000111
1110000000000000111
1110000000000000111
1110000000000000111
1111141111151111111
1111111111111111111
1111111111111111111
1111111111111111111
1111111111111111111

1111111111111111111
1111111111111111111
1111111151114111111
1111100000000011111
1111100000000211111
1111100000000011111
1111100000000011111
1111100000000011111
1111100000000011111
1111100000000011111
1111100000000011111
1111100000000011111
1111100000000011111
1111100000000011111
1111100000000011111
1111100000000011111
1111111111111111111
1111111111111111111
1111111111111111111

1111111111111111111
1111111111111111111
1111111111111111111
1111111111111111111
1111111111111111111
1111111111111111111
1111100000000011111
1111500000000011111
1111100000000011111
1111100000000011111
1111100000000011111
1111100000000011111
1111100000200011111
1111111114111111111
1111111111111111111
1111111111111111111
1111111111111111111
1111111111111111111
1111111111111111111