1111111111111111111
1111111111111111111
1111111111111111111
1111110000000511111
1111110000000111111
1111110000000111111
1111110000000111111
1111110000000111111
1111110000002411111
1111110000000111111
1111110000000111111
1111110000000111111
1111110000000111111
1111110000000111111
1111110000000111111
1111110000000111111
1111111111111111111
1111111111111111111
1111111111111111111

1111111111111111111
1111111114151111111
1111110000000111111
1111110000000111111
1111110000020111111
1111110000000111111
1111110000000111111
1111110000000111111
1111110000000111111
1111110000000111111
1111110000000111111
1111110000000111111
1111110000000111111
1111110000000111111
1111110000000111111
1111110000000111111
1111110000000111111
1111111111111111111
1111111111111111111

1111111111111111111
1111111111111111111
1111111111111111111
1111111111111111111
1111111111111111111
1111111111111151111
1140000000000000111
1110000000000000111
1110000000000000111
1110000000000000111
1110000000000000111
1110000000002000111
1110000000000000111
1111111111111111111
1111111111111111111
1111111111111111111
1111111111111111111
1111111111111111111
1111111111111111111

1111111111111111111
1111111111111111111
1111111111111111111
1111111111111111111
1111111111111111111
1111111111111141111
1111000000000001111
1111000000000001111
1111000000000001111
1111000000000201111
1111000000000001111
1111000000000001111
1111000000000001111
1111111111115111111
1111111111111111111
1111111111111111111
1111111111111111111
1111111111111111111
1111111111111111111

1111111111111111111
1111111111111111111
1111111111111111111
1111111111111111111
1111111111111111111
1111111111511111111
1111110000000111111
1111110000000111111
1111110002000111111
1111110000000111111
1111110000000111111
1111110000000111111
1111110000000111111
1111114111111111111
1111111111111111111
1111111111111111111
1111111111111111111
1111111111111111111
1111111111111111111