1111111111111111111
1111111111111111111
1111111111111111111
1111411111111111111
1111000000000001111
1111000000000005111
1111000000000001111
1111000000000001111
1111000000300001111
1111000000000001111
1111000000000001111
1111200000000001111
1111000000000001111
1111000000000001111
1111000000000001111
1111111111111111111
1111111111111111111
1111111111111111111
1111111111111111111

1111111111111111111
1111111111111111111
1111111111111111111
1111111111111111111
1111411111111111111
1100000000000000011
1100000000000000011
1120000000000000051
1100000000000000011
1100000000000000011
1100000000000000011
1100000000000000011
1100000000000000011
1100000000000000011
1111111111111111111
1111111111111111111
1111111111111111111
1111111111111111111
1111111111111111111