1111111111111111111
1111111111111111111
1111111111111111111
1111141111111111111
1100000000000000011
1100000000000000011
1500000000000000011
1100000000000000011
1100000000000000011
1102000000000000011
1130000000000000011
1100000000000000011
1100000000000000011
1100000000000000011
1100000000000000011
1111111111111111111
1111111111111111111
1111111111111111111
1111111111111111111

1111111111111111111
1111111141111111111
1110000000000000111
1110000000000000111
1110000000000000111
1110000000002000111
1110000000000000111
1110000000000000111
1110000000000000111
1110000000000000111
1110000000000003111
1110000000000000111
1110000000000000111
1110000000000000511
1110000000000000111
1110000000000000111
1110000000000000111
1111111111111111111
1111111111111111111

1111111111111111111
1111111111111111111
1111111111111111111
1111111111111111111
1111115111111111111
1111000000000001111
1111000000200001111
1111000000000001111
1111000000000001111
1111000000000001111
1111000000000001111
1111000000000001111
1111000000000001111
1111000000000001111
1111111111411111111
1111111111111111111
1111111111111111111
1111111111111111111
1111111111111111111