1111111111111111111
1111111511111111111
1111110000000111111
1111110000000111111
1111110000000111111
1111110000000111111
1111110000000111111
1111110000000111111
1111110000000111111
1111110000000111111
1111110000000111111
1111110000000111111
1111110000000111111
1111110000200111111
1111110000000111111
1111110000000111111
1111110000000111111
1111114111111111111
1111111111111111111

1111111111111111111
1111111111111111111
1111111111111111111
1111111111111111111
1111111111111111111
1111111111111111111
1100000000000000011
1100000000000000011
1100000000000000011
1100000000000300011
1100000000000020011
1400000000000000011
1100000000000000011
1111111511111111111
1111111111111111111
1111111111111111111
1111111111111111111
1111111111111111111
1111111111111111111

1111111111111111111
1111111111111111111
1111111111111111111
1111111111111141111
1110000000000000111
1110000000000000111
1110000000000000511
1110000000000000111
1110000000000000111
1110000000000000111
1110000000000000111
1110000000000000111
1110000000000000111
1110002000000000111
1110000000000000111
1111111111111111111
1111111111111111111
1111111111111111111
1111111111111111111

1111111111111111111
1111111111111111111
1111111111111111111
1111000000000005111
1111000000000001111
1111000000000001111
1111000000000001111
1111000000000001111
1111000000000001111
1111000000000021111
1111000000000001111
1111000000000001111
1111000000000001111
1111000000000001111
1111000000000001111
1111000000000001111
1111111111111411111
1111111111111111111
1111111111111111111

1111111111111111111
1111111111111111111
1111111111111111111
1111111111111111111
1111111111111111111
1111111111111111111
1100000000000000051
1100000000000000011
1100000000000000011
1100000000000000011
1100000000000000011
1120000000000000011
1100000000000000011
1111111111111114111
1111111111111111111
1111111111111111111
1111111111111111111
1111111111111111111
1111111111111111111