1111111111111111111
1111111111111111111
1111111111111111111
1111111111111111111
1111111111151111111
1111100000000011111
1111100000000011111
1111100000000011111
1111100003000011111
1111100000000011111
1111100000000011111
1111100000000011111
1111400000002011111
1111100000000011111
1111111111111111111
1111111111111111111
1111111111111111111
1111111111111111111
1111111111111111111

1111111111111111111
1111111111111111111
1111110000000111111
1111110000000111111
1111110000000111111
1111110000000111111
1111110000000111111
1111110000000111111
1111110000000111111
1111110000000111111
1111110000000111111
1111110000000111111
1111110000000111111
1111110002000111111
1111110000000111111
1111110000000111111
1111110000000111111
1111111411511111111
1111111111111111111

1111111111111111111
1111111111111111111
1111111111111111111
1111111111111111111
1111111111111111111
1110000000000000111
1110000000000000511
1110000000000000111
1110000000000000111
1110000000200000111
1110000000000000111
1110000000000000111
1110000000000000111
1110000000000000111
1111114111111111111
1111111111111111111
1111111111111111111
1111111111111111111
1111111111111111111

1111111111111111111
1111111111111111111
1111111111111111111
1111111111111111111
1111100000000011111
1111100000000011111
1111100000000011111
1111100000000011111
1111100000000011111
1111100000000011111
1111100000000011111
1111100000000011111
1111500020000011111
1111400000000011111
1111100000000011111
1111111111111111111
1111111111111111111
1111111111111111111
1111111111111111111

1111111111111111111
1111111111111111111
1111111111111111111
1111111111111111111
1111110000000411111
1111110000000111111
1111110000000111111
1111110000000111111
1111110000000111111
1111110000000111111
1111110000000111111
1111110000000111111
1111110000020111111
1111110000000511111
1111110000000111111
1111111111111111111
1111111111111111111
1111111111111111111
1111111111111111111