1111111111111111111
1111111111111111111
1111111111111111111
1111111111111111111
1111111111111111111
1100000000000000011
1100002000000000011
1100000000000000011
1100000000000000011
1100000000000000011
1100000000000000011
1100000000000000011
1500000000000000011
1100000000000000011
1111111111111141111
1111111111111111111
1111111111111111111
1111111111111111111
1111111111111111111

1111111111111111111
1111111111111111111
1100000000000000011
1100000000000000011
1100000000000000011
1100000000000000011
1100000000000000011
1100000000000000011
1100000002000000011
1100000000000000011
1100000000000000011
1100000000000000011
1100000000000000011
1100000000000000011
1100000000000000041
1100000000000000011
1100000000000000011
1111111111111115111
1111111111111111111

1111111111111111111
1111111111111111111
1111111111111111111
1111000000000001111
1111000000000001111
1111000000000001111
1115000000000001111
1111000000000001111
1111000000000001111
1111000000000001111
1111000020000001111
1111000000000001111
1111000000000001111
1111000000000001111
1111000000000001111
1111000000000001111
1111111111411111111
1111111111111111111
1111111111111111111