1111111111111111111
1111111111111111111
1111111111111111111
1111114111111111111
1111100000000011111
1111100000000011111
1111100000000011111
1111500000000011111
1111100000000011111
1111100000000011111
1111100000000011111
1111100000000011111
1111100000000011111
1111100000002011111
1111100000000011111
1111111111111111111
1111111111111111111
1111111111111111111
1111111111111111111

1111111111111111111
1111111111111111111
1111111111111114111
1110000000000000111
1110000000000000111
1110000000000000111
1110000000000000111
1110000000000000111
1110000000020000111
1110000000000000111
1110000000000000111
1110000000000000111
1110000000000000111
1110000000000000111
1110000000000000111
1110000000000000511
1111111111111111111
1111111111111111111
1111111111111111111

1111111111111111111
1111111111111111111
1111111411111111111
1100000000000000011
1100000000000000011
1100000000000000011
1100000000000000011
1100000000000000011
1100000000000000011
1100000000000000011
1100000000000000011
1100000000000000011
1100000000000000011
1100000002000000011
1100000000000000051
1100000000000000011
1111111111111111111
1111111111111111111
1111111111111111111