1111111111111111111
1111111111111111111
1111111115111111111
1111110000000111111
1111110002000111111
1111110000000111111
1111110000000111111
1111110000000111111
1111110000000111111
1111110000000111111
1111110000000111111
1111110000000111111
1111110000000111111
1111110000000111111
1111110000000111111
1111110000000111111
1111111111141111111
1111111111111111111
1111111111111111111

1111111111111111111
1111111111111111111
1111100000000011111
1111500000000011111
1111100000000011111
1111100000000011111
1111100000000011111
1111100000200011111
1111100000000011111
1111100000000011111
1111100000000011111
1111100000000011111
1111100000000041111
1111100000000011111
1111100000000011111
1111100000000011111
1111100000000011111
1111111111111111111
1111111111111111111

1111111111111111111
1111111111111111111
1111111111111111111
1111111111111114111
1100000000000000011
1100000000000000011
1100000000000000051
1100000000000000011
1100000000000000011
1100000000000000011
1100000000000000011
1100000000000000311
1102000000000000011
1100000000000000011
1100000000000000011
1111111111111111111
1111111111111111111
1111111111111111111
1111111111111111111