1111111111111111111
1111111111111111111
1111111111111111111
1111111111111111111
1111111111114111111
1110000000000000111
1110000000000000111
1110000000000000511
1110000000000000111
1110000000000000111
1110000000000000111
1110000000000000111
1110000000000000111
1110000200000000111
1111111111111111111
1111111111111111111
1111111111111111111
1111111111111111111
1111111111111111111

1111111111111111111
1111111111111111111
1111111111111111111
1111111111111111111
1110000000000000111
1110000000000000111
1110000000000000111
1110000000000000111
1110000000000000111
1150000000000000111
1110002000000000111
1110000000000000111
1110000000000000111
1110000000000000111
1110000000000000111
1114111111111111111
1111111111111111111
1111111111111111111
1111111111111111111

1111111111111111111
1111111111111111111
1111111111111111111
1111111111111111111
1111111111111111111
1111000000000001111
1111000000000001111
1111000000000001111
1111000000000001111
1111000000000001111
1111000000000001111
1111000200000001111
1111000000000005111
1114000000000001111
1111111111111111111
1111111111111111111
1111111111111111111
1111111111111111111
1111111111111111111