1111111111111111111
1111111111111111111
1111111111111111111
1111111111111111111
1111100000000011111
1111100000000011111
1111100000000041111
1111100000000011111
1111100000000011111
1111100000000011111
1111100000200011111
1111100000000051111
1111100000000011111
1111100000000011111
1111100000000011111
1111111111111111111
1111111111111111111
1111111111111111111
1111111111111111111

1111111111111111111
1111111111111111111
1111111141111111111
1111110000000111111
1111110000000111111
1111110000000511111
1111110000000111111
1111110000002111111
1111110000000111111
1111110000000111111
1111110000000111111
1111110000000111111
1111110000000111111
1111110000000111111
1111110000000111111
1111110000000111111
1111111111111111111
1111111111111111111
1111111111111111111