1111111111111111111
1111111111111111111
1111111111111111111
1111100000000011111
1111100000000011111
1111100000000011111
1111100000000011111
1111500000000011111
1111100000000011111
1111400000000011111
1111100000000011111
1111100000000011111
1111100000000011111
1111100000000011111
1111120000000011111
1111100000000011111
1111111111111111111
1111111111111111111
1111111111111111111

1111111111111111111
1111111111111111111
1111111111111111111
1111111111111111111
1111110000000111111
1111140000000111111
1111110000000111111
1111110000000111111
1111110000000111111
1111110000000111111
1111112000000111111
1111110000000111111
1111110000000111111
1111110000000111111
1111110000000111111
1111111111115111111
1111111111111111111
1111111111111111111
1111111111111111111