1111111111111111111
1111111111111111111
1111111111111111111
1111111111111111111
1111111111111111111
1111111111111111111
1111110000000111111
1111110000000111111
1111110000000111111
1111110000002111111
1111110000000111111
1111110000000111111
1111110000000111111
1111111411151111111
1111111111111111111
1111111111111111111
1111111111111111111
1111111111111111111
1111111111111111111

1111111111111111111
1111111111511111111
1111000000000001111
1111000000000001111
1111000000000001111
1111000000000001111
1111000000003001111
1111000000000001111
1111000000000001111
1111000000000001111
1111000000000001111
1111000000000001111
1111000000020001111
1111000000000001111
1111000000000001111
1111000000000001111
1111000000000001111
1111141111111111111
1111111111111111111

1111111111111111111
1111111111111111111
1111111111111111111
1110000000000000111
1110000000000000111
1110020000000000111
1110000000000000111
1110000000000000111
1110000000000000111
1150000000000000111
1110000000000000111
1110000000000000111
1110000000000000111
1110000000000000111
1110000000000000111
1110000000000000111
1111411111111111111
1111111111111111111
1111111111111111111