1111111111111111111
1111111111111111111
1111111111111111111
1111111111111111111
1115111111111111111
1110000000000000111
1110000000000000111
1110000020000000111
1110000000000000111
1110000000030000111
1110000000000000111
1110000000000000111
1110000000000000111
1110000000000000411
1111111111111111111
1111111111111111111
1111111111111111111
1111111111111111111
1111111111111111111

1111111111111111111
1111111111111111111
1111000000000001111
1111000000000001111
1111000000300001111
1111000000000001111
1111000000000001111
1111000000000001111
1111000000000001111
1111000000000004111
1111000000000001111
1111000000000001111
1111000000000001111
1115000000200001111
1111000000000001111
1111000000000001111
1111000000000001111
1111111111111111111
1111111111111111111

1111111111111111111
1111111111111111111
1110000000000000111
1110000000000000111
1110000000000000111
1110000000000000111
1110000000000000111
1110000000000000111
1110002000000000111
1110000000000000111
1150000000000000111
1110000000000000111
1110000000000000111
1110000000000000111
1110000000000000111
1110000000000000111
1110000000000000111
1111111114111111111
1111111111111111111

1111111111111111111
1111111111111111111
1111111111111111111
1111111111111111111
1111111111111111111
1111114111111111111
1100000000000000011
1100000000000000011
1100000000000000011
1100000000000000011
1100000000000020011
1100000000000000051
1100000000000000011
1111111111111111111
1111111111111111111
1111111111111111111
1111111111111111111
1111111111111111111
1111111111111111111