1111111111111111111
1111111111111111111
1111111111111111111
1111111111111111111
1111111111111111111
1111111141111111111
1111100020000011111
1111500000000011111
1111100000000011111
1111100000000011111
1111100000000011111
1111100000000011111
1111100000000011111
1111111111111111111
1111111111111111111
1111111111111111111
1111111111111111111
1111111111111111111
1111111111111111111

1111111111111111111
1111111111111111111
1111111111111111111
1111111111111111111
1111100000000011111
1111100000000011111
1111100000000011111
1111100000000011111
1111100000000011111
1111100000000011111
1111100000000011111
1111100000000011111
1111100000200051111
1111100000000011111
1111100000000011111
1111111111411111111
1111111111111111111
1111111111111111111
1111111111111111111

1111111111111111111
1111111111111111111
1111111111111111111
1111111111141111111
1100000000000000011
1100000000000000011
1100000000000000011
1100000000000000011
1100000000000000011
1100000000000000011
1100000000000000011
1100000000002000011
1100000000000000011
1100000000000000011
1100000000000000011
1111111111111151111
1111111111111111111
1111111111111111111
1111111111111111111