1111111111111111111
1111111111111111111
1111111111111111111
1111111111111111111
1111111111111111111
1111100000000011111
1111100000000011111
1111100000000011111
1111100000000011111
1111100000000011111
1111120003000011111
1111400000000011111
1111500000000011111
1111100000000011111
1111111111111111111
1111111111111111111
1111111111111111111
1111111111111111111
1111111111111111111

1111111111111111111
1111111111111111111
1111111111111111111
1111111111111111111
1111000000000001111
1111000000200001111
1111000000000001111
1111000000000001111
1111000000000001111
1111000000000001111
1111000000000001111
1114000000000001111
1111000000000001111
1111000000000001111
1111000000000001111
1111111111111151111
1111111111111111111
1111111111111111111
1111111111111111111

1111111111111111111
1111111111111111111
1111111111111111111
1111111111111111111
1111111111111111111
1111000000000004111
1111000000000001111
1111000000000001111
1111000000000001111
1111000000000001111
1111000000300001111
1111000020000001111
1111000000000005111
1111000000000001111
1111111111111111111
1111111111111111111
1111111111111111111
1111111111111111111
1111111111111111111