1111111111111111111
1111111111111111111
1111100000000011111
1111100000000011111
1111500000000011111
1111100000000011111
1111100000000011111
1111100000000011111
1111100000000011111
1111100000000011111
1111100000000011111
1111100000000011111
1111100000000011111
1111100000000011111
1111100000000011111
1111100000020011111
1111100000000011111
1111111111141111111
1111111111111111111

1111111111111111111
1111111151111111111
1111000000000001111
1111000000000001111
1111000000000001111
1111000000000001111
1111000000000001111
1111000000000001111
1111000000200001111
1111000000000001111
1111000000000004111
1111000000000001111
1111000000000001111
1111000000000001111
1111000000000001111
1111000000000001111
1111000000000001111
1111111111111111111
1111111111111111111