1111111111111111111
1111111111111111111
1111110000000111111
1111110000000411111
1111110000000111111
1111110000000111111
1111110000000111111
1111110000000111111
1111110000000511111
1111110000000111111
1111110000000111111
1111110000200111111
1111110000000111111
1111110000000111111
1111110000000111111
1111110000000111111
1111110000000111111
1111111111111111111
1111111111111111111

1111111111111111111
1111111111111111111
1111111111111111111
1111111111111111111
1111111111111111111
1111000000000001111
1111000020000001111
1111000000000001111
1111000000000001111
1111000000000001111
1111000000000001111
1111000000000001111
1111000000000001111
1111000000000001111
1111151111111141111
1111111111111111111
1111111111111111111
1111111111111111111
1111111111111111111

1111111111111111111
1111111111111111111
1111111111111111111
1111111111111111111
1111111111111111111
1111111111111111111
1111110000000411111
1111110200000111111
1111110000000111111
1111110000000111111
1111150000000111111
1111110000000111111
1111110000000111111
1111111111111111111
1111111111111111111
1111111111111111111
1111111111111111111
1111111111111111111
1111111111111111111