1111111111111111111
1111111111111111111
1100000000000000011
1100000000000000011
1102000000000000011
1100000000000000011
1100000000000000011
1100000000000000011
1100000000000000011
1100000000000000011
1100000000000000011
1100000000000000011
1100000000000000011
1100000000000000011
1100000000000000011
1100000000000000011
1100000000000000011
1111111111451111111
1111111111111111111

1111111111111111111
1111111111111111111
1111111111111111111
1110000000000000511
1110000000000000111
1140000000000000111
1110000000000000111
1110000000000000111
1110000000002000111
1110000000000000111
1110000000000000111
1110000000000000111
1110000000000000111
1110003000000000111
1110000000000000111
1110000000000000111
1111111111111111111
1111111111111111111
1111111111111111111

1111111111111111111
1111111111111111111
1111111111111111111
1111111111111111111
1111110000000111111
1111110000000111111
1111110000000111111
1111110000020111111
1111110000000111111
1111110000000111111
1111110000000111111
1111110000000111111
1111110000000111111
1111150000000111111
1111110000000111111
1111111114111111111
1111111111111111111
1111111111111111111
1111111111111111111