1111111111111111111
1111111111111111111
1111111111111111111
1111111111111111111
1111411111111111111
1111000000000001111
1111000000000001111
1111000000000005111
1111000000000001111
1111000000000001111
1111000000000001111
1111000000002001111
1111000000000001111
1111000000000001111
1111111111111111111
1111111111111111111
1111111111111111111
1111111111111111111
1111111111111111111

1111111111111111111
1111151111111111111
1111000000000001111
1111000000000001111
1111000000000001111
1111000000000301111
1111000000002001111
1111000000000001111
1111000000000001111
1114000000000001111
1111000000000001111
1111000000000001111
1111000000000001111
1111000000000001111
1111000000000001111
1111000000000001111
1111000000000001111
1111111111111111111
1111111111111111111

1111111111111111111
1111111111111111111
1111111111111111111
1111111111111111111
1111100000000011111
1111400000000011111
1111100000000011111
1111100000000051111
1111100000000011111
1111100000000011111
1111100002000011111
1111100000000011111
1111100000000011111
1111100000000011111
1111100000000011111
1111111111111111111
1111111111111111111
1111111111111111111
1111111111111111111