1111111111111111111
1111111111111111111
1111111111111111111
1111111111111111111
1111115111111111111
1111100020000041111
1111100000000011111
1111100000000011111
1111100000000011111
1111100000000011111
1111100000000011111
1111100000000011111
1111100000000311111
1111100000000011111
1111111111111111111
1111111111111111111
1111111111111111111
1111111111111111111
1111111111111111111

1111111111111111111
1111111111111111111
1111111111111111111
1111111111111111111
1110000000000000111
1110000000000000111
1150000000000000111
1110000000000000111
1110000200000000111
1110000000000000111
1110000000000000111
1110000000000000111
1110000000000000111
1110000000000000111
1110000000000000111
1111114111111111111
1111111111111111111
1111111111111111111
1111111111111111111