1111111111111111111
1111111111111111111
1111111111111111111
1111111111111111111
1111111111111111111
1111115111111111111
1100000000000000011
1100000000000000011
1100000000000020011
1100000000000000011
1100000000000000041
1100000000000000011
1100000000000000011
1111111111111111111
1111111111111111111
1111111111111111111
1111111111111111111
1111111111111111111
1111111111111111111

1111111111111111111
1111111111111111111
1111111111111111111
1111111111111111111
1111111151111111111
1111100000000011111
1111100000000011111
1111100000000041111
1111100000000011111
1111100000000011111
1111100000000011111
1111100000000211111
1111100000000011111
1111100000000011111
1111111111111111111
1111111111111111111
1111111111111111111
1111111111111111111
1111111111111111111

1111111111111111111
1111111111111111111
1111111114111111111
1111000000000001111
1111000000000001111
1111000000000001111
1111000300000001111
1111000000000001111
1111000000000001111
1111000000000001111
1111000000000001111
1111000000000001111
1111000200000001111
1111000000000001111
1111000000000005111
1111000000000001111
1111111111111111111
1111111111111111111
1111111111111111111

1111111111111111111
1111111111111111111
1111111111111111111
1111511141111111111
1111000000000001111
1111000000000001111
1111000000000001111
1111000000000001111
1111000000000001111
1111000000000001111
1111000000002001111
1111000000000001111
1111000000000001111
1111000000000001111
1111000000000001111
1111111111111111111
1111111111111111111
1111111111111111111
1111111111111111111

1111111111111111111
1111111115111111111
1111000000000001111
1111000000000001111
1111000000000001111
1111000000000001111
1111000000000001111
1111000000000001111
1111000000000004111
1111000002000001111
1111000000000001111
1111000000000001111
1111000000000001111
1111000000000001111
1111000000000001111
1111000000000001111
1111000000000001111
1111111111111111111
1111111111111111111