1111111111111111111
1111111111111111111
1111111111111111111
1111111111111111111
1110000000002000111
1110000000000000111
1110000000000000111
1110000000000000111
1110000000000000111
1110000000000000111
1110000000000000411
1110000000000000111
1110000000000000111
1150000000000000111
1110000000000000111
1111111111111111111
1111111111111111111
1111111111111111111
1111111111111111111

1111111111111111111
1111111111111111111
1140000000000000111
1110000000000000111
1110000000000000111
1110000000000000111
1110000000000000111
1110000000000000111
1110000000000000111
1110000000000000111
1110000000000000111
1110000000000000111
1110000000000000111
1110000000000000111
1110000020000000111
1150000000000000111
1110000000000000111
1111111111111111111
1111111111111111111

1111111111111111111
1111111111111111111
1111111111111111111
1111111115111111111
1111000000000001111
1111000000000004111
1111000000000001111
1111000000000001111
1111000000300001111
1111000000000001111
1111000000000001111
1111000000000001111
1111000000000001111
1111200000000001111
1111000000000001111
1111111111111111111
1111111111111111111
1111111111111111111
1111111111111111111

1111111111111111111
1111111111111111111
1111100000000011111
1111100000000011111
1111100000000011111
1111100000000011111
1111100000000011111
1111100000000011111
1111100000000041111
1111102000000011111
1111100000000011111
1111100000000011111
1111100000000011111
1111100000000011111
1111100300000011111
1111100000000011111
1111100000000011111
1111111151111111111
1111111111111111111