1111111111111111111
1111111111111111111
1111111111111111111
1111111111111111111
1111111111111111111
1111111111111111111
1112000000000000511
1110000000000000111
1110000000000000111
1110000000000000111
1110000000000000111
1110000000000000111
1110000000000000111
1111411111111111111
1111111111111111111
1111111111111111111
1111111111111111111
1111111111111111111
1111111111111111111

1111111111111111111
1111111111111111111
1111111111111111111
1111111111111111111
1111111114111111111
1110000000000000111
1110000200000000111
1110000000000000111
1110000000030000111
1110000000000000111
1110000000000000111
1110000000000000111
1110000000000000111
1110000000000000111
1111511111111111111
1111111111111111111
1111111111111111111
1111111111111111111
1111111111111111111

1111111111111111111
1111111111111111111
1111111111111111111
1111111111111111111
1111111111111111111
1111111111111111111
1111400000000011111
1111100000000011111
1111100000020011111
1111100000000011111
1111100000000011111
1111100000000011111
1111100000000011111
1111151111111111111
1111111111111111111
1111111111111111111
1111111111111111111
1111111111111111111
1111111111111111111

1111111111111111111
1111111111111111111
1111111111111111111
1111111111111111111
1111110000000111111
1111110000020111111
1111110003000111111
1111110000000111111
1111110000000111111
1111110000000111111
1111110000000111111
1111140000000111111
1111110000000111111
1111110000000511111
1111110000000111111
1111111111111111111
1111111111111111111
1111111111111111111
1111111111111111111

1111111111111111111
1111111111111111111
1111111111111111111
1111111111111111111
1111111111151111111
1111110000000111111
1111110000000111111
1111140000000111111
1111110000000111111
1111110200000111111
1111110000000111111
1111110000000111111
1111110300000111111
1111110000000111111
1111111111111111111
1111111111111111111
1111111111111111111
1111111111111111111
1111111111111111111