1111111111111111111
1111111111111111111
1111111141111111111
1111110000000111111
1111110000000111111
1111110200000111111
1111110000000111111
1111110000000111111
1111110000000111111
1111110000000111111
1111110000000111111
1111110000000111111
1111110000000111111
1111150000000111111
1111110000300111111
1111110000000111111
1111111111111111111
1111111111111111111
1111111111111111111

1111111111111111111
1111111111111111111
1111111111111111111
1111111111111111111
1111111111111111111
1111111111111111111
1100000000000000011
1500000000000000011
1100000000002000011
1100000000000000011
1100000000000000011
1100000000000003011
1100000000000000011
1111111111111111411
1111111111111111111
1111111111111111111
1111111111111111111
1111111111111111111
1111111111111111111

1111111111111111111
1111111111111111111
1111111111111111111
1111151111111111111
1111000000000001111
1111000000000001111
1111000000000001111
1114000000000001111
1111000000000001111
1111000000000001111
1111000200000001111
1111000000000001111
1111000000000001111
1111000000000001111
1111000000000001111
1111111111111111111
1111111111111111111
1111111111111111111
1111111111111111111