1111111111111111111
1111111111111114111
1110000000000000111
1110000000000000111
1110000000000000111
1110000000000000111
1110000000003000111
1110000000000000111
1110000000000000111
1110000000000000111
1110000000000000111
1110000000000000511
1110000000000000111
1110000000000000111
1110000000000000111
1110002000000000111
1110000000000000111
1111111111111111111
1111111111111111111

1111111111111111111
1111111111111111111
1111111111111111111
1111111111111111111
1111110000000111111
1111110000000111111
1111110000000111111
1111110000000111111
1111110000000111111
1111110000000111111
1111110000002111111
1111110000000111111
1111110000000111111
1111110000000111111
1111110000000111111
1111111541111111111
1111111111111111111
1111111111111111111
1111111111111111111

1111111111111111111
1111111111111111111
1111111511111111111
1111140000000111111
1111110000000111111
1111110200000111111
1111110000000111111
1111110000000111111
1111110000000111111
1111110000000111111
1111110000000111111
1111110000000111111
1111110000000111111
1111110000000111111
1111110000000111111
1111110000000111111
1111111111111111111
1111111111111111111
1111111111111111111

1111111111111111111
1111111111111111111
1111111111111111111
1111111111111111111
1111000000000001111
1111000000000001111
1111000000000001111
1111000000000001111
1111030000000201111
1111000000000001111
1111000000000001111
1111000000000001111
1111000000000001111
1115000000000001111
1111000000000001111
1111111111411111111
1111111111111111111
1111111111111111111
1111111111111111111