1111111111111111111
1111111111111111111
1111111111111111111
1111111111111111111
1111111111111111111
1111115111111111111
1111100000000011111
1111100000000011111
1111100000000011111
1111100000000011111
1111100000000011111
1111100000000041111
1111100000002011111
1111111111111111111
1111111111111111111
1111111111111111111
1111111111111111111
1111111111111111111
1111111111111111111

1111111111111111111
1111115111111111111
1111000000000001111
1111000000000001111
1111000000000001111
1111000000000001111
1111000000000001111
1111000000000001111
1111000000200001111
1111000000000001111
1111000000000001111
1111000000000001111
1111000003000001111
1111000000000001111
1111000000000001111
1111000000000001111
1111000000000001111
1111111111111141111
1111111111111111111

1111111111111111111
1111111111111111111
1111111111111111111
1111111111111111111
1111000000000001111
1111000000000001111
1111000000000001111
1111000000000001111
1111000000000001111
1111000000000001111
1111000000000001111
1111000000000001111
1111000000000001111
1114000000000001111
1111000000200001111
1111111511111111111
1111111111111111111
1111111111111111111
1111111111111111111

1111111111111111111
1111111111111111111
1111111111111111111
1111100000000011111
1111100000000011111
1111100000000211111
1111100000000011111
1111100000000011111
1111100000000011111
1111100000000011111
1111100000000011111
1111100000000011111
1111100000000041111
1111100000000011111
1111100000000011111
1111500000000011111
1111111111111111111
1111111111111111111
1111111111111111111

1111111111111111111
1111111111111111111
1111111111111111111
1111000000000001111
1111000000000001111
1111000000000001111
1111000000000001111
1111000000000001111
1115000000002001111
1111000000000001111
1111000000000001111
1111000000000001111
1111000000000001111
1111000000000001111
1114000000000001111
1111000000000001111
1111111111111111111
1111111111111111111
1111111111111111111