1111111111111111111
1111111111111111111
1111151111111111111
1100000000000000011
1100000000000000011
1100000000000000011
1100000000000000011
1100000000000000011
1100000000000000011
1100000000000000011
1100000000000000011
1100000000000200011
1100000000000000011
1100000000000000011
1100000000000000011
1100000000000003011
1111111114111111111
1111111111111111111
1111111111111111111

1111111111111111111
1111111111111111111
1111000000000001111
1111000000000001111
1111000000000001111
1111000000000001111
1111000000000001111
1111000000000001111
1111000020000001111
1111000000000001111
1111000000000001111
1111000000000001111
1111000000000001111
1111000000000001111
1111000000000001111
1111000000000001111
1111000000000001111
1111411111111151111
1111111111111111111