1111111111111111111
1111111111111111111
1111111111111111111
1111111111111111111
1111111115111111111
1111100000000011111
1111100000000011111
1111100000000211111
1111100000000011111
1111100000000011111
1111100000000011111
1111100000000011111
1111100000000041111
1111100000000011111
1111111111111111111
1111111111111111111
1111111111111111111
1111111111111111111
1111111111111111111

1111111111111111111
1111111111111111111
1111111111111111111
1111110000000111111
1111110000000111111
1111110000000111111
1111110000000111111
1111110000000111111
1111110000000111111
1111110000000111111
1111140003000111111
1111110000000111111
1111110000000111111
1111110200000111111
1111150000000111111
1111110000000111111
1111111111111111111
1111111111111111111
1111111111111111111